rows 328845 dates 291
span 2025-09-14 18:00:00-04:00 -> 2026-08-18 16:59:00-04:00

date-boundary open-vs-prev-close gaps > 100pt: 16
                 exp         c         o     prevc   prevexp     gap
et                                                                  
2025-10-12  20251219  24777.50  24482.00  24188.25  20251219  293.75
2025-10-26  20251219  25761.25  25698.50  25510.25  20251219  188.25
2025-11-23  20251219  24452.50  24449.75  24349.25  20251219  100.50
2026-01-18  20260320  25379.75  25556.00  25681.75  20260320 -125.75
2026-02-01  20260320  25342.50  25530.00  25638.75  20260320 -108.75
2026-03-01  20260320  24760.00  24684.75  24952.50  20260320 -267.75
2026-03-08  20260320  24093.50  24500.00  24660.75  20260320 -160.75
2026-03-22  20260618  23953.25  23914.00  24217.00  20260618 -303.00
2026-04-12  20260618  25060.00  25004.25  25333.00  20260618 -328.75
2026-04-19  20260618  26679.00  26603.25  26842.00  20260618 -238.75
2026-05-03  20260618  27931.00  27888.00  27782.75  20260618  105.25
2026-05-24  20260618  29962.75  29675.75  29520.00  20260618  155.75
2026-06-14  20260918  30487.75  30100.00  29677.00  20260618  423.00
2026-07-12  20260918  29687.75  29956.75  30069.00  20260918 -112.25
2026-07-26  20260918  28613.25  28501.50  28306.75  20260918  194.75
2026-08-02  20260918  28670.50  28567.50  28284.00  20260918  283.50

roll dates (exp changes):
                 exp         c         o    prevc   prevexp     gap
et                                                                 
2025-09-14  20251219  24360.25  24351.75      NaN       NaN     NaN
2025-12-16  20260320  25314.00  25162.50  25164.0  20251219   -1.50
2026-03-16  20260618  24791.50  24743.75  24744.0  20260320   -0.25
2026-06-14  20260918  30487.75  30100.00  29677.0  20260618  423.00
