ALWAYS-LONG AT EVERY BAR IN THE WINDOW · 1.25pt friction · day-block 95% CI
window  hold_min     n  always_long     lo    hi  sd_per_trade  day_sd
   ALL        30 21441        -0.90  -1.83  0.04         49.30    0.48
   ALL        60 20961        -0.52  -2.40  1.40         70.01    0.97
   ALL        90 20481        -0.27  -3.06  2.70         85.80    1.47
   ALL       120 20001        -0.01  -3.72  3.94         99.30    1.95
   ALL       180 19041         0.28  -5.42  6.12        121.94    2.94
   LDN        30  5277        -0.93  -2.64  0.81         47.80    0.88
   LDN        60  5275        -0.42  -3.99  3.20         68.99    1.84
   LDN        90  5273        -0.29  -5.75  5.16         87.71    2.78
   LDN       120  5271        -0.06  -7.42  7.47        106.48    3.80
   LDN       180  5267         0.12 -11.97 11.94        142.69    6.10
   RTH        30  6124        -1.11  -3.55  1.37         67.74    1.26
   RTH        60  6107        -1.29  -6.09  3.58         94.77    2.47
   RTH        90  5795        -1.50  -8.50  5.49        114.88    3.57
   RTH       120  5483        -1.35 -10.33  7.64        130.73    4.58
   RTH       180  4527        -0.50 -13.79 12.99        158.22    6.83
  OPEN        30  2390        -1.38  -6.27  3.50         81.49    2.49
  OPEN        60  2390        -2.00 -11.52  7.49        114.42    4.85
  OPEN        90  2384        -2.11 -15.19 10.84        139.81    6.64
  OPEN       120  2378        -1.39 -16.98 14.08        158.08    7.92
  OPEN       180  2348        -0.34 -19.90 18.84        180.87    9.88
  EUUS        30 11401        -1.03  -2.51  0.51         59.35    0.77
  EUUS        60 11382        -0.89  -3.88  2.16         83.81    1.54
  EUUS        90 11068        -0.92  -5.47  3.83        102.83    2.37
  EUUS       120 10754        -0.72  -6.85  5.71        119.46    3.20
  EUUS       180  9794        -0.17  -9.91  9.99        150.06    5.07

tape: MNQ 24358 -> 29560 over 240 sessions (21%)
per-session mean drift: 21.67 pt
