
========================================================================================================
DWELL CURVE BY BLOCK · arm = STATE · net pt/trade at 1.25pt
block     ASIA                   LATE   LDN                     USCASH                  
hold_min   30    60    90    120  30    30    60     90     120    30    60    90    120
K                                                                                       
1        -1.15  0.01  0.75  0.90  1.7  0.72  0.90  -2.87  -2.61  -1.11 -0.62  0.99 -2.01
2         0.54  1.84  0.87  1.05  NaN -0.00 -3.35  -3.75  -6.76   0.75 -0.70 -3.27 -2.46
3         1.44  2.70  1.93  1.02  NaN -2.50 -4.29  -2.53  -6.38   2.39  3.27  0.75  6.01
4         2.84  1.73  0.97 -0.85  NaN -4.34 -3.84 -10.56 -12.03   2.23  2.25  6.73  8.93
5         1.36 -0.92 -2.51 -4.27  NaN -1.16 -0.48   0.96   6.53   0.20  0.32  5.19  0.27
6        -3.91 -4.03 -7.19 -3.91  NaN  3.48  3.77  10.86  18.08   1.74  5.63  6.34 -1.75
  n:
block       ASIA                          LATE    LDN                      USCASH                     
hold_min     30      60      90      120   30     30     60     90     120    30     60     90     120
K                                                                                                     
1         1147.0  1147.0  1147.0  1147.0  71.0  654.0  654.0  653.0  653.0  763.0  762.0  720.0  677.0
2          713.0   713.0   713.0   713.0   NaN  399.0  398.0  398.0  398.0  474.0  474.0  453.0  434.0
3          501.0   501.0   501.0   501.0   NaN  293.0  293.0  293.0  293.0  339.0  339.0  322.0  313.0
4          393.0   393.0   393.0   393.0   NaN  225.0  225.0  225.0  225.0  264.0  264.0  255.0  247.0
5          309.0   309.0   309.0   309.0   NaN  168.0  168.0  168.0  168.0  215.0  215.0  210.0  202.0
6          261.0   261.0   261.0   261.0   NaN  122.0  122.0  122.0  122.0  188.0  187.0  184.0  181.0

========================================================================================================
DWELL CURVE BY BLOCK · arm = BOTH_er8_45 · net pt/trade at 1.25pt
block     ASIA                    LATE   LDN                    USCASH                     
hold_min   30    60    90    120   30    30    60    90     120    30     60     90     120
K                                                                                          
1        -0.97 -0.69 -0.84 -1.40  3.49 -0.19 -3.83 -2.28  -1.97  -0.13   0.17   0.50  -2.03
2         0.86  0.29 -0.60  1.38   NaN -3.59 -4.30 -2.21  -4.02   0.42  -0.38   0.39   4.63
3        -0.29  1.06  0.78 -1.86   NaN -3.70 -2.17 -4.89  -8.20   2.37   5.88   6.69   5.60
4        -0.62  1.11  2.57 -0.15   NaN -6.29  0.11 -4.81  -3.97   2.78   4.47  13.50  10.74
5         1.85  2.69  0.74  1.11   NaN  1.65 -1.62  3.62  17.64  -0.22   3.96   2.14  -6.27
6         0.03  2.78 -1.37  3.64   NaN  4.24  1.85  8.76  15.78   2.39  14.66  11.96  -1.85
  n:
block      ASIA                       LATE    LDN                      USCASH                     
hold_min    30     60     90     120   30     30     60     90     120    30     60     90     120
K                                                                                                 
1         961.0  961.0  961.0  961.0  60.0  521.0  521.0  520.0  520.0  632.0  631.0  607.0  569.0
2         606.0  606.0  606.0  606.0   NaN  293.0  292.0  292.0  292.0  378.0  378.0  361.0  346.0
3         413.0  413.0  413.0  413.0   NaN  222.0  222.0  222.0  222.0  267.0  267.0  251.0  245.0
4         319.0  319.0  319.0  319.0   NaN  151.0  151.0  151.0  151.0  190.0  190.0  183.0  174.0
5         245.0  245.0  245.0  245.0   NaN  116.0  116.0  116.0  116.0  158.0  157.0  153.0  146.0
6         197.0  197.0  197.0  197.0   NaN   84.0   84.0   84.0   84.0  124.0  123.0  121.0  118.0

========================================================================================================
DWELL CURVE BY BLOCK · arm = NEITHER · net pt/trade at 1.25pt
block     ASIA                    LATE         LDN                   USCASH                   
hold_min   30    60    90    120   30    60    30    60    90    120    30    60    90     120
K                                                                                             
1        -2.20 -1.51 -1.48 -1.62  0.65  3.52 -0.57 -3.16 -2.53 -5.23   1.07  1.90  1.87   2.02
2        -1.23 -0.81 -0.81 -2.21  3.58   NaN  0.16 -1.61 -1.19 -4.01  -0.62  0.85  3.93   5.41
3         0.07  0.31  0.57 -0.29   NaN   NaN -2.33 -1.47 -3.51 -4.27   0.93  0.84  0.87   0.83
4        -1.24 -0.23 -1.99 -2.58   NaN   NaN -3.86 -3.56 -6.44 -6.33  -2.02  0.25  0.19  -3.72
5        -1.29 -1.82 -3.61 -3.56   NaN   NaN  0.31 -1.83  1.55  4.35  -4.52 -3.08 -7.29 -11.83
6        -0.72 -3.19 -4.65 -5.07   NaN   NaN -2.84 -2.13  0.87  2.96   1.44  0.38 -5.08  -7.14
  n:
block       ASIA                           LATE          LDN                       USCASH                     
hold_min     30      60      90      120    30    60     30     60     90     120     30     60     90     120
K                                                                                                             
1         1586.0  1586.0  1586.0  1586.0  112.0  66.0  856.0  856.0  856.0  855.0  1001.0  999.0  947.0  886.0
2         1161.0  1161.0  1161.0  1161.0   80.0   NaN  621.0  621.0  621.0  620.0   702.0  701.0  660.0  617.0
3          947.0   947.0   947.0   947.0    NaN   NaN  508.0  508.0  507.0  507.0   563.0  563.0  531.0  506.0
4          792.0   792.0   792.0   792.0    NaN   NaN  446.0  446.0  445.0  445.0   475.0  473.0  443.0  433.0
5          675.0   675.0   675.0   675.0    NaN   NaN  392.0  391.0  391.0  391.0   416.0  414.0  394.0  378.0
6          586.0   586.0   586.0   586.0    NaN   NaN  343.0  342.0  342.0  342.0   366.0  366.0  358.0  337.0

========================================================================================================
BLOCK CELLS CLEARING ALL THREE BARS: 2 of 221
        arm block  K  hold_min   n   net   lo    hi  edge_sd  always_long   TR   VA    TE
      STATE   LDN  6       120 122 18.08 2.66 38.21     2.00        -0.87 3.50 8.88 57.79
BOTH_er8_45   LDN  5       120 116 17.64 1.38 36.50     1.91         0.79 2.92 3.50 54.01

BLOCK MARGINALS (mean net over all dwell cells in the block)
        cells  mean_net  mean_always_long  pass_all
block                                              
ASIA       72     -0.53              0.37         0
LATE        5      2.59             -1.47         0
LDN        72     -1.02             -1.32         2
USCASH     72      1.42             -2.19         0
