DWELL ARM · 15-min bars · 3 states · base features · friction 1.25pt
 state    name  share%  meanret  persist     d4     d8   er4   er8
     0 BULLISH    25.5   10.374    0.742  1.303  2.319 0.667 0.604
     1    CHOP    55.8    0.621    0.794  0.030  0.022 0.390 0.192
     2 BEARISH    18.6  -14.934    0.728 -1.625 -2.611 0.676 0.588 

dwell cells: 960  -> tables/dwell_all.csv

====================================================================================================
DWELL CURVE  (UNMATCHED - every run that reaches K)

  ARM = STATE (no ER gate)
         forfeit_atr                         n                           net                  
hold_min         30    60    90    120     30      60      90      120   30    60    90    120
K                                                                                             
1               0.00  0.00  0.00  0.00  2646.0  2609.0  2536.0  2477.0 -0.52  0.07 -0.02 -0.82
2               0.34  0.34  0.34  0.35  1656.0  1611.0  1580.0  1545.0  0.38 -0.56 -1.83 -1.95
3               0.68  0.68  0.68  0.69  1184.0  1147.0  1125.0  1107.0  0.36  0.96  0.51  0.47
4               1.03  1.03  1.04  1.04   910.0   892.0   879.0   865.0  0.61  0.47 -0.32 -0.96
5               1.40  1.41  1.42  1.43   714.0   701.0   692.0   679.0  0.82 -0.27  0.73 -0.25
6               1.71  1.72  1.72  1.72   584.0   578.0   570.0   564.0 -0.27  0.92  0.99  1.54

  ARM = BOTH · er8 >= 0.3
         forfeit_atr                         n                           net                  
hold_min         30    60    90    120     30      60      90      120   30    60    90    120
K                                                                                             
1               0.00  0.00  0.00  0.00  2548.0  2510.0  2442.0  2384.0  0.44  0.50  0.76  0.31
2               0.34  0.35  0.35  0.36  1600.0  1555.0  1525.0  1490.0  0.31 -1.06 -1.23 -0.94
3               0.69  0.70  0.70  0.70  1149.0  1116.0  1094.0  1076.0 -0.30  0.78  1.39 -0.50
4               1.03  1.03  1.03  1.04   876.0   859.0   846.0   831.0  0.45  1.91  0.88 -0.27
5               1.38  1.39  1.39  1.40   685.0   672.0   663.0   649.0  1.33  1.86  0.54  0.73
6               1.68  1.68  1.69  1.69   560.0   554.0   545.0   539.0  1.05  1.18  0.64  1.39

  ARM = BOTH · er8 >= 0.45
         forfeit_atr                         n                           net                  
hold_min         30    60    90    120     30      60      90      120   30    60    90    120
K                                                                                             
1               0.00  0.00  0.00  0.00  2190.0  2150.0  2107.0  2050.0 -0.30 -1.12 -0.69 -1.72
2               0.34  0.34  0.34  0.34  1333.0  1297.0  1274.0  1244.0 -0.32 -1.36 -1.01  1.02
3               0.67  0.68  0.68  0.68   940.0   913.0   892.0   880.0 -0.39  1.78  1.03 -1.38
4               1.04  1.04  1.05  1.06   685.0   670.0   658.0   644.0 -1.14  1.89  3.85  1.90
5               1.41  1.42  1.43  1.43   536.0   523.0   516.0   507.0  1.59  1.95  1.69  2.77
6               1.70  1.70  1.70  1.71   415.0   408.0   403.0   399.0  1.38  6.06  4.59  4.57

  ARM = BOTH · er8 >= 0.6
         forfeit_atr                         n                           net                  
hold_min         30    60    90    120     30      60      90      120   30    60    90    120
K                                                                                             
1               0.00  0.00  0.00  0.00  1463.0  1428.0  1395.0  1371.0  0.22  0.33 -0.42  0.48
2               0.41  0.41  0.41  0.41   895.0   875.0   861.0   843.0 -1.27 -1.61 -1.88 -3.09
3               0.79  0.80  0.81  0.81   593.0   577.0   566.0   554.0  1.08  0.24  1.64 -2.19
4               1.19  1.21  1.21  1.22   411.0   401.0   394.0   387.0 -2.96 -1.26 -0.23 -1.01
5               1.53  1.55  1.56  1.56   297.0   290.0   284.0   281.0 -3.93  1.35 -3.50 -1.05
6               1.84  1.85  1.85  1.85   211.0   208.0   206.0   203.0  1.35  0.52  0.92  2.69

  ARM = BOTH · er4 >= 0.4
         forfeit_atr                         n                           net                  
hold_min         30    60    90    120     30      60      90      120   30    60    90    120
K                                                                                             
1               0.00  0.00  0.00  0.00  2705.0  2663.0  2593.0  2534.0 -0.67 -0.40 -0.81 -1.14
2               0.37  0.37  0.37  0.37  1557.0  1517.0  1483.0  1457.0  0.81  0.60 -1.03 -2.22
3               0.74  0.75  0.75  0.75  1072.0  1040.0  1021.0  1003.0 -0.55 -0.10 -0.33 -0.56
4               1.17  1.17  1.17  1.17   766.0   745.0   734.0   722.0  0.49  3.30  4.51  2.09
5               1.76  1.78  1.78  1.80   497.0   485.0   478.0   470.0  3.09  3.36  4.89  2.98
6               2.25  2.26  2.27  2.27   324.0   321.0   316.0   314.0  0.98  3.56  1.39  3.11

  ARM = BOTH · er4 >= 0.55
         forfeit_atr                         n                           net                  
hold_min         30    60    90    120     30      60      90      120   30    60    90    120
K                                                                                             
1               0.00  0.00  0.00  0.00  2530.0  2489.0  2428.0  2374.0 -0.59 -0.12  0.20 -0.68
2               0.37  0.37  0.37  0.37  1388.0  1357.0  1327.0  1301.0  0.47  1.39  0.80 -1.09
3               0.79  0.80  0.80  0.80   901.0   878.0   860.0   845.0  0.88  0.90  0.89  0.72
4               1.26  1.26  1.27  1.27   598.0   579.0   569.0   560.0  2.25  3.37  4.35  1.91
5               1.98  2.00  2.01  2.01   364.0   355.0   351.0   347.0 -0.55 -1.19 -0.53 -0.23
6               2.55  2.56  2.56  2.58   211.0   210.0   208.0   204.0 -2.89 -1.06 -3.25  5.92

  ARM = BOTH · er4 >= 0.7
         forfeit_atr                         n                           net                    
hold_min         30    60    90    120     30      60      90      120   30    60     90     120
K                                                                                               
1               0.00  0.00  0.00  0.00  2178.0  2142.0  2095.0  2054.0 -0.63  0.54   1.66   0.04
2               0.45  0.45  0.45  0.45  1111.0  1087.0  1062.0  1039.0 -0.48  2.48   1.08   1.38
3               0.92  0.93  0.93  0.94   651.0   632.0   619.0   605.0  1.46  0.56   0.32   1.15
4               1.50  1.52  1.53  1.53   385.0   373.0   365.0   359.0  3.62  0.38   6.04   3.89
5               2.33  2.34  2.36  2.36   214.0   212.0   209.0   207.0 -3.77 -5.03  -7.81  -8.70
6               2.95  2.95  2.97  2.99   118.0   118.0   116.0   114.0 -9.61 -7.71 -13.18 -10.21

====================================================================================================
DWELL CURVE  (MATCHED - only runs that reach 6 bars, same runs at every K)

  ARM = STATE (no ER gate)
         forfeit_atr                        n                         net                     
hold_min         30    60    90    120    30     60     90     120    30     60     90     120
K                                                                                             
1               0.00  0.00  0.00  0.00  601.0  601.0  591.0  579.0  34.06  57.26  66.21  66.42
2               0.49  0.49  0.49  0.49  601.0  601.0  584.0  578.0  26.96  44.20  45.50  46.94
3               0.89  0.89  0.89  0.89  601.0  591.0  579.0  574.0  21.95  31.23  31.79  33.04
4               1.24  1.24  1.25  1.25  601.0  584.0  578.0  570.0  16.00  17.54  18.81  19.07
5               1.52  1.53  1.53  1.54  591.0  579.0  574.0  564.0   7.54   7.76   8.98   8.33
6               1.71  1.72  1.72  1.72  584.0  578.0  570.0  564.0  -0.27   0.92   0.99   1.54

  ARM = BOTH · er8 >= 0.3
         forfeit_atr                        n                         net                     
hold_min         30    60    90    120    30     60     90     120    30     60     90     120
K                                                                                             
1               0.00  0.00  0.00  0.00  576.0  576.0  567.0  555.0  34.34  56.64  66.14  67.38
2               0.48  0.48  0.48  0.48  576.0  576.0  560.0  554.0  27.12  43.99  46.68  47.07
3               0.90  0.90  0.90  0.90  576.0  567.0  555.0  550.0  21.04  30.64  32.23  30.75
4               1.23  1.24  1.24  1.24  576.0  560.0  554.0  545.0  15.65  18.46  18.68  18.10
5               1.50  1.51  1.51  1.52  567.0  555.0  550.0  539.0   7.94   9.20   7.69   8.25
6               1.68  1.68  1.69  1.69  560.0  554.0  545.0  539.0   1.05   1.18   0.64   1.39

  ARM = BOTH · er8 >= 0.45
         forfeit_atr                        n                         net                     
hold_min         30    60    90    120    30     60     90     120    30     60     90     120
K                                                                                             
1               0.00  0.00  0.00  0.00  429.0  429.0  421.0  409.0  34.40  58.34  71.00  72.04
2               0.47  0.47  0.48  0.48  429.0  429.0  415.0  408.0  28.32  45.96  49.17  54.01
3               0.88  0.89  0.89  0.89  429.0  421.0  409.0  405.0  22.72  35.34  36.65  36.13
4               1.24  1.25  1.26  1.26  429.0  415.0  408.0  403.0  16.40  19.80  24.58  23.01
5               1.52  1.54  1.54  1.54  421.0  409.0  405.0  399.0  10.91  11.61  11.18  11.27
6               1.70  1.70  1.70  1.71  415.0  408.0  403.0  399.0   1.38   6.06   4.59   4.57

  ARM = BOTH · er8 >= 0.6
         forfeit_atr                        n                         net                     
hold_min         30    60    90    120    30     60     90     120    30     60     90     120
K                                                                                             
1               0.00  0.00  0.00  0.00  217.0  217.0  215.0  209.0  34.90  61.15  71.43  76.11
2               0.51  0.51  0.52  0.52  217.0  217.0  211.0  208.0  29.62  50.26  53.76  53.38
3               0.95  0.95  0.97  0.97  217.0  215.0  209.0  206.0  25.00  35.19  39.93  33.19
4               1.29  1.31  1.32  1.33  217.0  211.0  208.0  206.0  19.37  22.40  21.66  21.52
5               1.60  1.63  1.64  1.64  215.0  209.0  206.0  205.0   8.60  12.44   5.94   9.29
6               1.84  1.85  1.85  1.85  211.0  208.0  206.0  203.0   1.35   0.52   0.92   2.69

  ARM = BOTH · er4 >= 0.4
         forfeit_atr                        n                         net                     
hold_min         30    60    90    120    30     60     90     120    30     60     90     120
K                                                                                             
1               0.00  0.00  0.00  0.00  337.0  337.0  330.0  323.0  38.53  73.45  89.83  89.71
2               0.46  0.46  0.46  0.46  337.0  337.0  324.0  321.0  38.81  67.44  70.38  72.83
3               0.98  0.98  0.98  0.98  337.0  330.0  323.0  317.0  33.63  49.91  50.27  53.21
4               1.48  1.50  1.50  1.50  337.0  324.0  321.0  316.0  27.38  30.16  33.12  31.10
5               1.93  1.94  1.95  1.95  330.0  323.0  317.0  314.0  14.54  14.60  17.16  14.97
6               2.25  2.26  2.27  2.27  324.0  321.0  316.0  314.0   0.98   3.56   1.39   3.11

  ARM = BOTH · er4 >= 0.55
         forfeit_atr                        n                         net                     
hold_min         30    60    90    120    30     60     90     120    30     60     90     120
K                                                                                             
1               0.00  0.00  0.00  0.00  219.0  219.0  214.0  211.0  40.38  78.74  98.50  95.98
2               0.48  0.48  0.48  0.48  219.0  219.0  211.0  210.0  41.24  77.09  76.46  78.61
3               1.05  1.05  1.05  1.05  219.0  214.0  211.0  208.0  37.07  56.82  54.32  55.49
4               1.58  1.59  1.60  1.60  219.0  211.0  210.0  208.0  34.54  33.86  35.80  33.71
5               2.10  2.11  2.12  2.12  214.0  211.0  208.0  205.0  17.90  15.29  16.28  19.39
6               2.55  2.56  2.56  2.58  211.0  210.0  208.0  204.0  -2.89  -1.06  -3.25   5.92

  ARM = BOTH · er4 >= 0.7
         forfeit_atr                        n                         net                       
hold_min         30    60    90    120    30     60     90     120    30     60      90      120
K                                                                                               
1               0.00  0.00  0.00  0.00  122.0  122.0  119.0  118.0  46.96  92.70  111.99  103.53
2               0.59  0.59  0.59  0.59  122.0  122.0  118.0  118.0  43.89  87.64   80.70   82.61
3               1.19  1.19  1.20  1.20  122.0  119.0  118.0  117.0  44.40  63.73   55.05   52.92
4               1.77  1.78  1.78  1.79  122.0  118.0  118.0  116.0  42.47  34.94   36.84   31.56
5               2.44  2.45  2.46  2.47  119.0  118.0  117.0  115.0  17.25   8.61    6.35    5.13
6               2.95  2.95  2.97  2.99  118.0  118.0  116.0  114.0  -9.61  -7.71  -13.18  -10.21

====================================================================================================
2x2 - STATE x SUSTAINED-ER (unmatched, K = dwell length, net pt at 1.25)

  er8 floor 0.3
            NEITHER  STATE    ER  BOTH  state_adds  er_adds  n_BOTH
K hold_min                                                         
1 30          -0.80  -0.52 -0.31  0.44        0.75     0.97  2548.0
  60          -0.85   0.07  1.05  0.50       -0.55     0.44  2510.0
  90          -0.63  -0.02  1.13  0.76       -0.38     0.78  2442.0
  120         -1.58  -0.82 -0.65  0.31        0.97     1.14  2384.0
2 30          -0.56   0.38  1.02  0.31       -0.71    -0.07  1600.0
  60          -0.42  -0.56 -0.39 -1.06       -0.67    -0.50  1555.0
  90           0.65  -1.83 -2.12 -1.23        0.90     0.60  1525.0
  120         -0.71  -1.95 -1.70 -0.94        0.75     1.01  1490.0
3 30          -0.18   0.36 -0.18 -0.30       -0.13    -0.66  1149.0
  60           0.18   0.96 -0.52  0.78        1.30    -0.18  1116.0
  90          -0.24   0.51 -0.98  1.39        2.37     0.88  1094.0
  120         -1.03   0.47 -1.33 -0.50        0.82    -0.98  1076.0
4 30          -2.09   0.61 -0.94  0.45        1.39    -0.16   876.0
  60          -0.73   0.47 -1.05  1.91        2.97     1.44   859.0
  90          -2.32  -0.32 -0.57  0.88        1.45     1.20   846.0
  120         -3.88  -0.96 -1.46 -0.27        1.19     0.69   831.0
5 30          -1.68   0.82 -0.50  1.33        1.84     0.51   685.0
  60          -2.06  -0.27 -1.95  1.86        3.81     2.13   672.0
  90          -3.16   0.73 -1.51  0.54        2.04    -0.20   663.0
  120         -3.59  -0.25 -2.11  0.73        2.85     0.98   649.0
6 30          -0.62  -0.27 -0.42  1.05        1.47     1.32   560.0
  60          -1.76   0.92 -0.20  1.18        1.39     0.27   554.0
  90          -3.34   0.99 -0.26  0.64        0.89    -0.35   545.0
  120         -3.45   1.54  1.71  1.39       -0.33    -0.16   539.0

  er8 floor 0.45
            NEITHER  STATE    ER  BOTH  state_adds  er_adds  n_BOTH
K hold_min                                                         
1 30          -0.80  -0.52 -0.35 -0.30        0.05     0.22  2190.0
  60          -0.85   0.07 -1.03 -1.12       -0.09    -1.19  2150.0
  90          -0.63  -0.02 -0.41 -0.69       -0.28    -0.67  2107.0
  120         -1.58  -0.82 -1.40 -1.72       -0.32    -0.90  2050.0
2 30          -0.56   0.38 -0.49 -0.32        0.17    -0.70  1333.0
  60          -0.42  -0.56 -1.11 -1.36       -0.25    -0.80  1297.0
  90           0.65  -1.83 -1.06 -1.01        0.05     0.82  1274.0
  120         -0.71  -1.95  1.21  1.02       -0.19     2.97  1244.0
3 30          -0.18   0.36 -0.34 -0.39       -0.06    -0.75   940.0
  60           0.18   0.96  2.01  1.78       -0.23     0.82   913.0
  90          -0.24   0.51  0.75  1.03        0.28     0.52   892.0
  120         -1.03   0.47 -1.95 -1.38        0.57    -1.85   880.0
4 30          -2.09   0.61 -0.90 -1.14       -0.24    -1.75   685.0
  60          -0.73   0.47  2.28  1.89       -0.39     1.42   670.0
  90          -2.32  -0.32  4.18  3.85       -0.33     4.17   658.0
  120         -3.88  -0.96  2.18  1.90       -0.28     2.86   644.0
5 30          -1.68   0.82  2.18  1.59       -0.59     0.77   536.0
  60          -2.06  -0.27  2.68  1.95       -0.72     2.23   523.0
  90          -3.16   0.73  2.32  1.69       -0.63     0.96   516.0
  120         -3.59  -0.25  3.09  2.77       -0.32     3.01   507.0
6 30          -0.62  -0.27  1.67  1.38       -0.29     1.65   415.0
  60          -1.76   0.92  5.98  6.06        0.09     5.15   408.0
  90          -3.34   0.99  4.27  4.59        0.32     3.61   403.0
  120         -3.45   1.54  3.68  4.57        0.90     3.03   399.0

  er8 floor 0.6
            NEITHER  STATE    ER  BOTH  state_adds  er_adds  n_BOTH
K hold_min                                                         
1 30          -0.80  -0.52  0.22  0.22         0.0     0.74  1463.0
  60          -0.85   0.07  0.33  0.33         0.0     0.26  1428.0
  90          -0.63  -0.02 -0.42 -0.42         0.0    -0.39  1395.0
  120         -1.58  -0.82  0.48  0.48         0.0     1.30  1371.0
2 30          -0.56   0.38 -1.27 -1.27         0.0    -1.65   895.0
  60          -0.42  -0.56 -1.61 -1.61         0.0    -1.04   875.0
  90           0.65  -1.83 -1.88 -1.88         0.0    -0.05   861.0
  120         -0.71  -1.95 -3.09 -3.09         0.0    -1.14   843.0
3 30          -0.18   0.36  1.08  1.08         0.0     0.73   593.0
  60           0.18   0.96  0.24  0.24         0.0    -0.71   577.0
  90          -0.24   0.51  1.64  1.64         0.0     1.14   566.0
  120         -1.03   0.47 -2.19 -2.19         0.0    -2.66   554.0
4 30          -2.09   0.61 -2.96 -2.96         0.0    -3.57   411.0
  60          -0.73   0.47 -1.26 -1.26         0.0    -1.72   401.0
  90          -2.32  -0.32 -0.23 -0.23         0.0     0.08   394.0
  120         -3.88  -0.96 -1.01 -1.01         0.0    -0.05   387.0
5 30          -1.68   0.82 -3.93 -3.93         0.0    -4.75   297.0
  60          -2.06  -0.27  1.35  1.35         0.0     1.63   290.0
  90          -3.16   0.73 -3.50 -3.50         0.0    -4.23   284.0
  120         -3.59  -0.25 -1.05 -1.05         0.0    -0.80   281.0
6 30          -0.62  -0.27  1.35  1.35         0.0     1.62   211.0
  60          -1.76   0.92  0.52  0.52         0.0    -0.40   208.0
  90          -3.34   0.99  0.92  0.92         0.0    -0.07   206.0
  120         -3.45   1.54  2.69  2.69         0.0     1.15   203.0

  er4 floor 0.4
            NEITHER  STATE    ER  BOTH  state_adds  er_adds  n_BOTH
K hold_min                                                         
1 30          -0.80  -0.52 -1.80 -0.67        1.14    -0.14  2705.0
  60          -0.85   0.07 -1.75 -0.40        1.35    -0.47  2663.0
  90          -0.63  -0.02 -3.20 -0.81        2.39    -0.78  2593.0
  120         -1.58  -0.82 -2.70 -1.14        1.56    -0.31  2534.0
2 30          -0.56   0.38 -0.37  0.81        1.18     0.43  1557.0
  60          -0.42  -0.56 -0.35  0.60        0.95     1.16  1517.0
  90           0.65  -1.83 -0.03 -1.03       -1.00     0.80  1483.0
  120         -0.71  -1.95 -2.18 -2.22       -0.04    -0.27  1457.0
3 30          -0.18   0.36  2.00 -0.55       -2.54    -0.90  1072.0
  60           0.18   0.96  1.10 -0.10       -1.20    -1.06  1040.0
  90          -0.24   0.51  1.23 -0.33       -1.56    -0.84  1021.0
  120         -1.03   0.47  0.74 -0.56       -1.30    -1.03  1003.0
4 30          -2.09   0.61 -0.06  0.49        0.55    -0.12   766.0
  60          -0.73   0.47  0.94  3.30        2.35     2.83   745.0
  90          -2.32  -0.32  0.76  4.51        3.76     4.83   734.0
  120         -3.88  -0.96  0.69  2.09        1.40     3.06   722.0
5 30          -1.68   0.82 -1.05  3.09        4.14     2.27   497.0
  60          -2.06  -0.27 -1.46  3.36        4.82     3.64   485.0
  90          -3.16   0.73  0.13  4.89        4.76     4.16   478.0
  120         -3.59  -0.25  0.04  2.98        2.94     3.23   470.0
6 30          -0.62  -0.27 -0.53  0.98        1.51     1.25   324.0
  60          -1.76   0.92 -0.24  3.56        3.80     2.65   321.0
  90          -3.34   0.99  0.28  1.39        1.11     0.40   316.0
  120         -3.45   1.54 -1.94  3.11        5.05     1.57   314.0

  er4 floor 0.55
            NEITHER  STATE    ER  BOTH  state_adds  er_adds  n_BOTH
K hold_min                                                         
1 30          -0.80  -0.52 -1.88 -0.59        1.30    -0.06  2530.0
  60          -0.85   0.07 -1.81 -0.12        1.69    -0.19  2489.0
  90          -0.63  -0.02 -2.14  0.20        2.34     0.22  2428.0
  120         -1.58  -0.82 -2.28 -0.68        1.60     0.14  2374.0
2 30          -0.56   0.38 -0.85  0.47        1.32     0.09  1388.0
  60          -0.42  -0.56 -0.37  1.39        1.77     1.96  1357.0
  90           0.65  -1.83 -0.28  0.80        1.07     2.62  1327.0
  120         -0.71  -1.95 -1.97 -1.09        0.88     0.86  1301.0
3 30          -0.18   0.36  2.28  0.88       -1.39     0.53   901.0
  60           0.18   0.96  2.55  0.90       -1.65    -0.06   878.0
  90          -0.24   0.51  2.07  0.89       -1.17     0.39   860.0
  120         -1.03   0.47  4.19  0.72       -3.47     0.25   845.0
4 30          -2.09   0.61  2.78  2.25       -0.52     1.65   598.0
  60          -0.73   0.47  2.84  3.37        0.53     2.91   579.0
  90          -2.32  -0.32  2.17  4.35        2.18     4.67   569.0
  120         -3.88  -0.96  2.03  1.91       -0.11     2.88   560.0
5 30          -1.68   0.82 -0.68 -0.55        0.13    -1.37   364.0
  60          -2.06  -0.27 -3.14 -1.19        1.95    -0.92   355.0
  90          -3.16   0.73  0.66 -0.53       -1.19    -1.26   351.0
  120         -3.59  -0.25 -0.33 -0.23        0.10     0.02   347.0
6 30          -0.62  -0.27 -3.94 -2.89        1.05    -2.62   211.0
  60          -1.76   0.92 -1.50 -1.06        0.43    -1.98   210.0
  90          -3.34   0.99 -2.60 -3.25       -0.65    -4.24   208.0
  120         -3.45   1.54 -2.39  5.92        8.31     4.38   204.0

  er4 floor 0.7
            NEITHER  STATE     ER   BOTH  state_adds  er_adds  n_BOTH
K hold_min                                                           
1 30          -0.80  -0.52  -1.84  -0.63        1.21    -0.11  2178.0
  60          -0.85   0.07  -1.00   0.54        1.54     0.47  2142.0
  90          -0.63  -0.02  -0.52   1.66        2.18     1.68  2095.0
  120         -1.58  -0.82  -1.06   0.04        1.10     0.86  2054.0
2 30          -0.56   0.38  -1.35  -0.48        0.87    -0.87  1111.0
  60          -0.42  -0.56   0.23   2.48        2.25     3.04  1087.0
  90           0.65  -1.83   0.12   1.08        0.96     2.91  1062.0
  120         -0.71  -1.95  -0.60   1.38        1.99     3.33  1039.0
3 30          -0.18   0.36   3.24   1.46       -1.78     1.11   651.0
  60           0.18   0.96   2.63   0.56       -2.07    -0.40   632.0
  90          -0.24   0.51   2.42   0.32       -2.10    -0.18   619.0
  120         -1.03   0.47   4.78   1.15       -3.63     0.68   605.0
4 30          -2.09   0.61   4.33   3.62       -0.71     3.01   385.0
  60          -0.73   0.47   1.59   0.38       -1.20    -0.08   373.0
  90          -2.32  -0.32   5.11   6.04        0.93     6.35   365.0
  120         -3.88  -0.96   5.52   3.89       -1.63     4.86   359.0
5 30          -1.68   0.82  -5.69  -3.77        1.93    -4.59   214.0
  60          -2.06  -0.27  -7.93  -5.03        2.90    -4.76   212.0
  90          -3.16   0.73  -5.70  -7.81       -2.11    -8.54   209.0
  120         -3.59  -0.25 -12.25  -8.70        3.55    -8.45   207.0
6 30          -0.62  -0.27  -7.56  -9.61       -2.05    -9.34   118.0
  60          -1.76   0.92  -5.43  -7.71       -2.28    -8.62   118.0
  90          -3.34   0.99 -11.58 -13.18       -1.60   -14.17   116.0
  120         -3.45   1.54 -14.26 -10.21        4.05   -11.75   114.0

====================================================================================================
SURVIVORSHIP - what fraction of runs is still alive at bar K
    frac  runs_reach_K
K                     
1  1.000        2694.0
2  0.624        1682.0
3  0.447        1203.0
4  0.348         938.0
5  0.275         742.0
6  0.223         601.0
erfeat    er4                         er8                     
floor    0.00   0.40   0.55   0.70   0.00   0.30   0.45   0.60
K                                                             
1       1.000  1.000  1.000  1.000  1.000  1.000  1.000  1.000
2       0.624  0.576  0.548  0.510  0.624  0.627  0.610  0.615
3       0.447  0.395  0.355  0.297  0.447  0.450  0.432  0.405
4       0.348  0.286  0.238  0.178  0.348  0.348  0.317  0.283
5       0.275  0.187  0.145  0.099  0.275  0.274  0.250  0.206
6       0.223  0.122  0.085  0.055  0.223  0.222  0.193  0.145
