DIRECTIONAL SEPARATION OF THE NAMED STATES (TRAIN, 8-bar drift in ATR units)
  d8_gap < 0.5 ATR means BULLISH and BEARISH are not actually different directions.
 bar  K     fset  d8_BULL  d8_BEAR  d8_gap  er8_BULL  er8_CHOP  share_dir
   5  3     base    0.114    0.010   0.104     0.362     0.537      0.583
   5  3    drift    2.380   -2.508   4.888     0.567     0.244      0.362
   5  3 base_vol    0.111    0.006   0.105     0.523     0.326      0.656
   5  3  base_vz    0.156    0.012   0.144     0.365     0.534      0.575
   5  3  base_sp    2.224   -2.394   4.618     0.576     0.180      0.458
   5  3     full    2.318   -2.350   4.668     0.597     0.208      0.415
   5  4     base    2.075   -2.281   4.356     0.548     0.226      0.416
   5  4    drift    3.623   -3.390   7.014     0.685     0.315      0.125
   5  4 base_vol    2.238   -2.425   4.662     0.579     0.196      0.429
   5  4  base_vz    0.130    0.045   0.085     0.517     0.421      0.388
   5  4  base_sp    2.257   -2.408   4.664     0.581     0.201      0.422
   5  4     full    3.130   -2.247   5.377     0.640     0.282      0.283
   5  5     base    3.084   -2.299   5.383     0.737     0.247      0.308
   5  5    drift    4.837   -4.212   9.049     0.749     0.340      0.051
   5  5 base_vol    2.242   -2.423   4.665     0.580     0.207      0.411
   5  5  base_vz    1.934   -1.924   3.859     0.549     0.252      0.384
   5  5  base_sp    3.072   -2.290   5.362     0.734     0.245      0.315
   5  5     full    2.272   -2.351   4.623     0.583     0.210      0.416
  10  3     base    2.255   -2.458   4.713     0.585     0.184      0.462
  10  3    drift    2.559   -2.511   5.070     0.592     0.258      0.349
  10  3 base_vol    2.338   -2.664   5.002     0.604     0.208      0.398
  10  3  base_vz    0.188    0.017   0.171     0.371     0.537      0.573
  10  3  base_sp    2.227   -2.416   4.644     0.578     0.182      0.474
  10  3     full    2.283   -2.530   4.812     0.584     0.214      0.417
  10  4     base    2.158   -2.312   4.470     0.567     0.233      0.413
  10  4    drift    3.344   -3.448   6.792     0.662     0.315      0.152
  10  4 base_vol    2.259   -2.463   4.722     0.588     0.203      0.433
  10  4  base_vz    0.225    0.009   0.216     0.540     0.435      0.370
  10  4  base_sp    2.261   -2.462   4.722     0.586     0.208      0.426
  10  4     full    2.278   -2.426   4.704     0.585     0.208      0.436
  10  5     base    2.284   -2.506   4.790     0.596     0.241      0.360
  10  5    drift    3.924   -4.718   8.643     0.695     0.342      0.066
  10  5 base_vol    2.257   -2.467   4.724     0.587     0.217      0.410
  10  5  base_vz    1.914   -1.954   3.869     0.559     0.262      0.372
  10  5  base_sp    2.986   -2.323   5.309     0.721     0.248      0.328
  10  5     full    2.303   -2.413   4.717     0.589     0.218      0.419
  15  3     base    2.319   -2.611   4.930     0.604     0.192      0.441
  15  3    drift    2.664   -2.537   5.201     0.607     0.260      0.353
  15  3 base_vol    0.157   -0.023   0.180     0.493     0.229      0.562
  15  3  base_vz    2.053   -0.967   3.020     0.601     0.195      0.511
  15  3  base_sp    2.211   -2.234   4.445     0.580     0.183      0.485
  15  3     full    2.225   -2.308   4.533     0.573     0.214      0.455
  15  4     base    2.355   -2.685   5.040     0.609     0.217      0.397
  15  4    drift    3.191   -3.606   6.797     0.649     0.313      0.172
  15  4 base_vol    0.163   -0.085   0.248     0.546     0.242      0.435
  15  4  base_vz    1.906   -1.824   3.730     0.564     0.257      0.406
  15  4  base_sp    2.284   -2.539   4.824     0.593     0.206      0.434
  15  4     full    2.242   -2.183   4.425     0.577     0.206      0.484
  15  5     base    2.451   -2.831   5.282     0.634     0.230      0.351
  15  5    drift    3.969   -4.364   8.333     0.679     0.345      0.075
  15  5 base_vol    2.972   -2.464   5.437     0.669     0.261      0.326
  15  5  base_vz    1.950   -1.925   3.874     0.570     0.268      0.368
  15  5  base_sp    2.636   -3.160   5.796     0.658     0.241      0.308
  15  5     full    2.370   -2.396   4.766     0.473     0.314      0.305
  30  3     base    2.255   -2.693   4.948     0.605     0.176      0.494
  30  3    drift    2.482   -2.729   5.211     0.585     0.263      0.395
  30  3 base_vol    2.352   -2.830   5.182     0.627     0.204      0.433
  30  3  base_vz    0.418   -0.177   0.595     0.417     0.117      0.791
  30  3  base_sp    2.189   -2.439   4.628     0.592     0.176      0.508
  30  3     full    2.210   -1.673   3.883     0.571     0.259      0.536
  30  4     base    2.266   -2.631   4.896     0.602     0.201      0.471
  30  4    drift    2.829   -3.627   6.456     0.608     0.313      0.231
  30  4 base_vol    2.234   -2.654   4.887     0.599     0.184      0.493
  30  4  base_vz    2.687   -3.038   5.725     0.650     0.265      0.326
  30  4  base_sp    2.231   -2.571   4.803     0.600     0.197      0.472
  30  4     full    2.309   -1.918   4.228     0.593     0.253      0.479
  30  5     base    3.154   -2.535   5.689     0.728     0.279      0.312
  30  5    drift    3.459   -3.993   7.452     0.680     0.336      0.141
  30  5 base_vol    2.256   -2.631   4.887     0.601     0.201      0.473
  30  5  base_vz    2.837   -3.145   5.982     0.651     0.292      0.272
  30  5  base_sp    2.593   -3.426   6.019     0.668     0.281      0.263
  30  5     full    2.493   -3.463   5.956     0.637     0.268      0.315

CELLS WHOSE LABELS ARE DEGENERATE (d8_gap < 0.5):
 bar  K     fset  d8_BULL  d8_BEAR  d8_gap  er8_BULL  er8_CHOP  share_dir
   5  3     base    0.114    0.010   0.104     0.362     0.537      0.583
   5  3 base_vol    0.111    0.006   0.105     0.523     0.326      0.656
   5  3  base_vz    0.156    0.012   0.144     0.365     0.534      0.575
   5  4  base_vz    0.130    0.045   0.085     0.517     0.421      0.388
  10  3  base_vz    0.188    0.017   0.171     0.371     0.537      0.573
  10  4  base_vz    0.225    0.009   0.216     0.540     0.435      0.370
  15  3 base_vol    0.157   -0.023   0.180     0.493     0.229      0.562
  15  4 base_vol    0.163   -0.085   0.248     0.546     0.242      0.435
