STATE TABLE (TRAIN only, named from mean signed 8-bar drift in ATR units)
 state    name  share%  meanret  persist     d4     d8   er4   er8
     0 BULLISH    25.5   10.374    0.742  1.303  2.319 0.667 0.604
     1    CHOP    55.8    0.621    0.794  0.030  0.022 0.390 0.192
     2 BEARISH    18.6  -14.934    0.728 -1.625 -2.611 0.676 0.588 

POWER FLOOR - one trade's spread against the edge we are hunting
 hold_min  clean    n  gross_mean  gross_sd   se  mde_95  n_for_1p5
       30   True 2059        0.53     50.71 1.12    2.19       4389
       45   True 2042        1.09     61.95 1.37    2.69       6552
       60   True 2000        1.49     72.65 1.62    3.18       9012
       75   True 1983        1.36     81.49 1.83    3.59      11338
       90   True 1961        1.73     88.26 1.99    3.91      13299
      120   True 1914        0.71    102.03 2.33    4.57      17772
      150   True 1871        1.08    116.44 2.69    5.28      23149
      180   True 1830        1.70    125.63 2.94    5.76      26946
       30  False 2574        0.77     49.42 0.97    1.91       4169
       45  False 2556        1.16     60.42 1.20    2.34       6232
       60  False 2504        1.34     70.81 1.42    2.77       8561
       75  False 2483        0.66     80.00 1.61    3.15      10926
       90  False 2456        0.98     87.40 1.76    3.46      13042
      120  False 2398        0.91    100.66 2.06    4.03      17299
      150  False 2351        0.53    114.36 2.36    4.62      22328
      180  False 2301        0.93    123.72 2.58    5.06      26134 

FRICTION SENSITIVITY - incumbent 15-min / 3-state / base features, net points per trade
friction        0.75  1.00  1.25  1.50  2.00
hold_min clean                              
30       False  0.02 -0.23 -0.48 -0.73 -1.23
         True  -0.22 -0.47 -0.72 -0.97 -1.47
45       False  0.41  0.16 -0.09 -0.34 -0.84
         True   0.34  0.09 -0.16 -0.41 -0.91
60       False  0.59  0.34  0.09 -0.16 -0.66
         True   0.74  0.49  0.24 -0.01 -0.51
75       False -0.09 -0.34 -0.59 -0.84 -1.34
         True   0.61  0.36  0.11 -0.14 -0.64
90       False  0.23 -0.02 -0.27 -0.52 -1.02
         True   0.98  0.73  0.48  0.23 -0.27
120      False  0.16 -0.09 -0.34 -0.59 -1.09
         True  -0.04 -0.29 -0.54 -0.79 -1.29
150      False -0.22 -0.47 -0.72 -0.97 -1.47
         True   0.33  0.08 -0.17 -0.42 -0.92
180      False  0.18 -0.07 -0.32 -0.57 -1.07
         True   0.95  0.70  0.45  0.20 -0.30 

  the same cells, ALL THREE PERIODS, at this desk's measured 1.25pt
 hold_min  clean  TRAIN_n  TRAIN_mean  TRAIN_t  VALIDATE_n  VALIDATE_mean  VALIDATE_t  TEST_n  TEST_mean  TEST_t   ALL
       30   True      807        0.74     0.54         625          -4.16       -1.99     627       0.81    0.33 -0.72
       45   True      800        1.13     0.64         619          -1.90       -0.75     623      -0.08   -0.03 -0.16
       60   True      779        0.33     0.16         610          -0.29       -0.10     611       0.66    0.19  0.24
       75   True      774       -0.11    -0.05         605           0.80        0.24     604      -0.31   -0.07  0.11
       90   True      767       -1.50    -0.57         600           2.08        0.59     594       1.41    0.32  0.48
      120   True      742       -0.89    -0.30         588           0.82        0.20     584      -1.47   -0.29 -0.54
      150   True      726        2.92     0.84         573           1.55        0.32     572      -5.80   -0.99 -0.17
      180   True      709        3.36     0.87         563           3.00        0.57     558      -5.82   -0.92  0.45
       30  False      995        0.52     0.43         799          -2.87       -1.61     780       0.68    0.32 -0.48
       45  False      988        0.89     0.58         793          -0.89       -0.41     775      -0.52   -0.20 -0.09
       60  False      964        0.37     0.20         781           0.00        0.00     759      -0.16   -0.05  0.09
       75  False      958        0.06     0.03         774           0.06        0.02     751      -2.08   -0.58 -0.59
       90  False      949       -0.53    -0.23         766           0.11        0.04     741      -0.32   -0.08 -0.27
      120  False      923        0.34     0.12         750           0.00        0.00     725      -1.56   -0.35 -0.34
      150  False      904        2.48     0.79         734           0.18        0.04     713      -5.72   -1.12 -0.72
      180  False      881        2.47     0.70         722           1.95        0.43     698      -6.18   -1.12 -0.32

  BREAK-EVEN FRICTION (the friction at which each cell's ALL-sample net = 0) = gross edge
 hold_min  clean    n  gross
       30   True 2059   0.53
       45   True 2042   1.09
       60   True 2000   1.49
       75   True 1983   1.36
       90   True 1961   1.73
      120   True 1914   0.71
      150   True 1871   1.08
      180   True 1830   1.70
       30  False 2574   0.77
       45  False 2556   1.16
       60  False 2504   1.34
       75  False 2483   0.66
       90  False 2456   0.98
      120  False 2398   0.91
      150  False 2351   0.53
      180  False 2301   0.93
