  lead    n      net$    $/run  win%    strip3      US$      ON$    chop$    whip$   trend$
     0   57   +3799.0    +66.6   75%   +3162.5  +2371.5  +1427.5  +1971.5  +1024.0   +803.5
    30   57   +1678.0    +29.4   54%   +1315.5  +1063.5   +614.5   +569.5   +796.5   +312.0
    60   57   +1377.0    +24.2   47%    +796.5  +1065.0   +312.0   +409.5   +620.0   +347.5
   120   57   +1603.5    +28.1   49%   +1005.0  +1121.0   +482.5   +430.5   +672.5   +500.5
   180   57   +1010.5    +17.7   42%    +472.0   +733.0   +277.5   +248.5   +254.0   +508.0
   240   57   +1235.5    +21.7   47%    +722.5   +439.0   +796.5   +867.5     +5.5   +362.5
   300   57    +389.5     +6.8   40%     +84.5   -254.0   +643.5   +731.5   -190.0   -152.0
   420   57   -1073.0    -18.8   21%   -1387.0   -625.0   -448.0   -358.0   -333.0   -382.0
   540   57    -140.5     -2.5   33%    -452.5    +93.0   -233.5   +195.5    -24.0   -312.0
   600   57    -267.5     -4.7   32%    -776.5    +47.5   -315.0   +245.0    -19.5   -493.0

QUIET-TAPE CLIP A/B (identical entries at each lead; ATR<22pt is 'quiet')
  lead    n  quiet   clipON$   clipOFF$    delta$
     0   57     55   +3799.0    +4929.5   +1130.5
    60   57     55   +1377.0    +2289.0    +912.0
   300   57     55    +389.5    +1222.0    +832.5
JSON -> /home/alphabot/gazbot7/reports/friday_v7/sections/movement2_decay_wk33.json
